99
2525 1
2400 5
300 2
120 60
60 90
938369284 1
750546522 4197
1000000000 1
999999999 1
1000000000 2
999999998 2
999999997 3
1000000000 2
999000000 1
998000000 1
89072795 1
47156243 6070
200000 2
5000 10
5001 1
897799863 1
614888806 4396
2 1
1 10000
103947373 1
71320868 7218
926111871 1
724974438 5889
166319735 1
57371826 8745
875732751 1
80678960 8692
1000000000 2
998000000 10000
999000000 10000
593894476 1
115764728 3705
720031030 1
251431875 5088
591440215 1
253536339 8052
170563568 1
136498549 3425
2 1
1 1
2680977 1
1828281 3715
838176962 1
18451655 7676
897254971 1
514910882 186
147198796 1
119600201 7209
760869862 1
579407730 7376
1000000000 2
100 10000
200 10000
1000000000 2
999999996 3
999999997 2
718543951 1
603437381 8464
601364043 1
354828898 6995
880719992 1
458698619 8813
513197743 1
495400641 6804
786038000 1
494046143 4541
142732301 1
48945327 242
545289937 1
123024386 4421
300241027 1
11253216 6312
888156485 1
532575800 128
44801740 1
11921823 5781
593215940 1
542346844 7994
38124637 1
1249833 4695
33426456 1
9346862 4088
971022876 1
397857858 6595
149215074 1
81108838 8840
924150931 1
240599955 8354
469636387 1
344023970 8832
675297036 1
321719073 219
580220013 1
359496566 2207
654644100 1
409920543 5482
317621881 1
199633927 26
752349468 1
211231490 3026
108727420 1
10935824 537
199936459 1
28296671 3553
795570918 1
169395256 5329
417638620 1
393030810 2581
807099632 1
393243171 7403
998638273 1
658800077 9165
296603718 1
106939232 5478
394378606 1
185113852 2884
988158973 1
276599748 5091
50564400 1
14985719 863
835808823 1
170804143 2340
1000000000 2
12345675 3
12345676 2
1000000000 2
2 2
1 3
213605 1
192965 2147
822254051 1
46873741 4675
932644987 1
392514757 6095
464826590 1
401862810 6517
750954758 1
512972853 1250
434555287 1
30627192 9632
1000000000 2
999999998 3
999999999 2
860665164 1
843632527 3143
1000000000 1
1 10000
702964098 1
696824489 349
58148824 1
4409592 594
882216373 1
265208475 8994
289448030 1
151674343 2390
685825779 1
142104795 9690
614978383 1
409999364 3592
65399833 1
51574681 1322
714947459 1
398581644 5743
200459488 1
31243246 7650
155667952 2
117267985 5231
33766448 671
86843334 1
72242131 9421
744762208 1
670207171 3601
659435659 1
339090961 1361
288308681 1
158005000 3625
19225721 1
18008208 3417
739682600 1
521284718 2954
818516969 1
723645623 7812
489265031 1
118125176 6002
680575539 1
654899625 1450
1000000000 1
1 1
824827256 1
90154775 146
119105986 1
7154392 2332
357985072 1
237707384 1226
309876392 1
226355454 7559
593681101 2
490330144 2204
375766558 3776
1000000000 1
999999999 10000
234098496 1
93824294 5217
203058018 1
177087827 7200
