100
2
0.2500 0.5000 0.5000 0.2500
3
0.0000 0.0000 0.0000 0.0009 0.0013 0.1776
1
1.0000 0.1234
4
0.8715 0.7460 0.3822 0.7391 0.2421 0.7694 0.3056 0.7847
4
0.6692 0.1134 0.9954 0.3812 0.6376 0.3225 0.1061 0.8920
2
0.7586 0.5985 0.7903 0.4946
3
0.9938 0.6617 0.8973 0.6615 0.7338 0.7307
3
0.0914 0.6542 0.8951 0.0232 0.2921 0.1685
4
0.8202 0.1925 0.9805 0.8103 0.1495 0.9759 0.5906 0.9788
2
0.9257 0.5298 0.0619 0.9136
4
0.1269 0.9885 0.8389 0.0379 0.9332 0.0662 0.3254 0.3990
4
0.6397 0.1783 0.4776 0.7561 0.7821 0.0355 0.5734 0.4275
2
0.0002 0.0003 0.0004 0.0001
4
0.6323 0.2582 0.3726 0.5527 0.2223 0.8741 0.3276 0.3529
3
0.4915 0.4833 0.8912 0.1994 0.8222 0.5035
4
0.6670 0.2518 0.2698 0.3447 0.9175 0.2412 0.8665 0.1596
2
0.7052 0.5139 0.0682 0.8953
4
0.4997 0.4999 0.4998 0.4996 0.4997 0.4998 0.4999 0.4996
2
0.1747 0.0307 0.9369 0.6270
1
1.0000 1.0000
4
0.6213 0.8805 0.6710 0.3675 0.9086 0.7847 0.7622 0.8151
3
0.8830 0.3370 0.9416 0.2126 0.7031 0.7437
3
0.2858 0.0383 0.0365 0.3328 0.4446 0.0745
3
0.9359 0.0478 0.7551 0.2548 0.9785 0.2798
3
0.3103 0.7310 0.6434 0.8793 0.7925 0.3350
4
0.5523 0.6487 0.5021 0.6895 0.6903 0.9972 0.3553 0.7312
4
0.8611 0.8651 0.4121 0.5646 0.3365 0.1007 0.1349 0.0091
4
0.7427 0.2219 0.8957 0.3802 0.9476 0.0356 0.0040 0.8470
4
0.1111 0.6667 0.4444 0.5556 0.3333 0.8889 0.7778 0.2222
4
0.1044 0.4164 0.4836 0.0476 0.5825 0.1703 0.1834 0.0948
3
0.3210 0.9205 0.5588 0.2875 0.2214 0.7266
2
0.2636 0.3149 0.3498 0.1223
4
0.7584 0.2483 0.2318 0.7961 0.7896 0.7527 0.7881 0.1035
4
0.9810 0.9810 0.9810 0.9810 0.9810 0.9810 0.9810 0.9810
4
0.0000 0.2226 0.4473 0.7425 0.7835 0.9721 0.4464 0.6674
2
0.2428 0.9191 0.7513 0.4535
4
0.0001 0.0001 0.0001 0.0001 0.0001 0.0001 0.0001 0.0001
4
0.3995 0.4002 0.4001 0.4005 0.3999 0.4005 0.3998 0.3999
2
0.3976 0.9445 0.3514 0.6270
2
1.0000 1.0000 0.9999 0.9999
4
0.0000 0.5002 0.4996 0.4998 0.5001 0.5000 0.4999 0.4997
2
0.5000 0.4999 0.5000 0.4999
1
0.0000 1.0000
4
0.6592 0.0570 0.4163 0.3196 0.8420 0.4589 0.3790 0.4228
4
0.1407 0.0572 0.9493 0.6971 0.8041 0.4283 0.1774 0.4043
3
0.2028 0.8292 0.6326 0.0679 0.3469 0.2995
4
0.3998 0.4000 0.4000 0.4004 0.3998 0.3996 0.4004 0.3996
2
0.5000 0.5000 0.0000 1.0000
2
0.2606 0.5895 0.9024 0.7241
2
0.0581 0.6746 0.5461 0.0558
2
0.5001 0.4999 0.5000 0.5002
4
0.4996 0.4999 0.4998 0.5001 0.5000 0.5002 0.4997 1.0000
4
0.8921 0.3364 0.1603 0.0367 0.7326 0.1275 0.8377 0.1944
4
0.1773 0.3706 0.5449 0.7997 0.4143 0.8695 0.6152 0.1138
4
0.0007 0.0007 0.0007 0.0007 0.0007 0.0007 0.0007 0.0007
1
0.1234 0.9876
4
0.5654 0.3473 0.9082 0.9253 0.5467 0.9225 0.0790 0.1210
4
0.1709 0.9439 0.5595 0.2685 0.3950 0.2749 0.9067 0.5415
4
0.3000 0.4000 0.0000 0.2000 0.6000 0.5000 0.1000 0.7000
2
0.1847 0.9104 0.0917 0.1782
4
0.8988 0.2471 0.7030 0.2378 0.0755 0.2071 0.2195 0.8232
1
0.0000 0.0000
2
0.5001 0.5000 0.5000 0.4999
4
0.3000 0.5000 0.2000 1.0000 0.1000 0.4000 0.6000 0.7000
4
0.4002 0.4003 0.4002 0.4002 0.4004 0.3999 0.3995 0.4005
4
0.5858 0.3399 0.6391 0.3239 0.6010 0.9614 0.5827 0.2571
2
0.0655 0.8175 0.4417 0.6951
4
0.8737 0.4196 0.9681 0.7103 0.9988 0.8167 0.9716 0.7943
2
1.0000 0.9999 1.0000 1.0000
3
0.9578 0.9783 0.5877 0.2075 0.7093 0.2610
2
0.2592 0.5205 0.6078 0.5826
4
0.2324 0.0480 0.7520 0.9102 0.5175 0.4198 0.2355 0.9503
2
0.8639 0.1879 0.9096 0.2794
4
0.3989 0.3989 0.3989 0.3989 0.3989 0.3989 0.3989 0.3989
3
0.7964 0.1742 0.5055 0.2345 0.6366 0.1954
3
0.1390 0.2329 0.4722 0.7533 0.9575 0.8834
3
0.2948 0.7455 0.9903 0.0931 0.4117 0.1826
4
0.6000 0.4000 0.5000 0.4000 0.6000 0.4000 0.5000 0.6000
4
0.2746 0.4308 0.5656 0.0000 0.7053 0.5294 0.8603 0.9493
4
0.9106 0.3916 0.4194 0.7145 0.0278 0.6937 0.3683 0.3287
2
0.0022 0.5592 0.2798 0.9988
2
1.0000 0.9998 0.9997 0.9999
4
0.3997 0.4002 0.3998 0.4002 0.3995 0.3996 0.4000 0.4002
4
0.9267 0.7171 0.4809 0.2072 0.7243 0.1922 0.1482 0.2954
4
0.3334 0.3532 0.3310 0.7544 0.3787 0.7046 0.2115 0.3939
4
0.0958 0.0895 0.9482 0.7386 0.3337 0.7804 0.9788 0.0344
2
0.9199 0.0081 0.3088 0.1977
4
0.5070 0.0044 0.8886 0.0195 0.8324 0.9286 0.4404 0.7018
4
0.0462 0.2462 0.2214 0.8317 0.6772 0.6475 0.8947 0.6454
4
1.0000 0.0000 0.0000 1.0000 1.0000 0.0000 1.0000 0.0000
4
0.0974 0.2966 0.3143 0.0376 0.3089 0.9373 0.4228 0.7836
4
0.3005 0.8085 0.1688 0.6223 0.3443 0.7561 0.6137 0.2815
3
0.1348 0.6950 0.8171 0.2916 0.8889 0.0813
4
1.0000 1.0000 0.0000 1.0000 1.0000 1.0000 0.0000 0.0000
3
0.2869 0.6342 0.3587 0.7724 0.8370 0.3422
4
0.4998 0.4999 0.5000 0.5002 0.4996 0.4997 0.5003 0.5001
4
0.7630 0.3245 0.0422 0.3544 0.1244 0.8606 0.1570 0.4535
3
0.3333 0.8504 0.2721 0.3956 0.0105 0.4632
3
0.2600 0.7138 0.7046 0.5982 0.4808 0.0652
4
0.4004 0.4005 0.4000 0.3997 0.3997 0.3998 0.3996 0.3998
